                precision    recall  f1-score   support

__background__       0.00      0.00      0.00         0
        person       0.87      0.92      0.90      1285
           sky       0.93      0.85      0.89       257
      building       0.69      0.80      0.74       237
         truck       0.39      0.58      0.47        60
           bus       0.81      0.85      0.83       108
         table       0.63      0.66      0.65       164
         shirt       0.74      0.68      0.71       384
         chair       0.53      0.49      0.51       120
           car       0.76      0.64      0.69       173
         train       0.79      0.71      0.75        42
       glasses       0.73      0.55      0.63       192
          tree       0.69      0.59      0.63       144
          boat       0.81      0.65      0.72        34
           hat       0.69      0.66      0.68       157
         trees       0.53      0.52      0.53        88
         grass       0.65      0.56      0.60        63
         pants       0.54      0.64      0.59       166
          road       0.36      0.13      0.20        67
    motorcycle       0.71      0.74      0.72        46
        jacket       0.45      0.47      0.46       146
       monitor       0.62      0.81      0.70        53
         wheel       0.76      0.82      0.79       137
      umbrella       0.73      0.62      0.67        58
         plate       0.67      0.65      0.66        65
          bike       0.73      0.75      0.74        64
         clock       0.85      0.81      0.83        58
           bag       0.30      0.31      0.31        88
          shoe       0.30      0.25      0.27        12
        laptop       0.73      0.63      0.67        59
          desk       0.57      0.41      0.48        39
       cabinet       0.45      0.36      0.40        25
       counter       0.40      0.29      0.34        41
         bench       0.61      0.55      0.58        40
         shoes       0.63      0.72      0.67       102
         tower       0.66      0.59      0.62        32
        bottle       0.54      0.85      0.66        46
        helmet       0.56      0.77      0.65        78
         stove       0.41      0.72      0.52        18
          lamp       0.51      0.51      0.51        39
          coat       0.25      0.07      0.11        28
           bed       0.74      0.54      0.62        26
           dog       0.77      0.74      0.76        23
      mountain       0.56      0.68      0.62        47
         horse       0.93      0.93      0.93        27
         plane       0.20      0.14      0.17         7
          roof       0.73      0.42      0.54        52
    skateboard       0.53      0.70      0.61        33
 traffic light       0.58      0.54      0.56        26
          bush       0.33      0.46      0.39        26
         phone       0.50      0.57      0.53        63
      airplane       0.56      0.64      0.60        14
          sofa       0.58      0.69      0.63        55
           cup       0.69      0.44      0.54        41
          sink       0.38      0.52      0.44        21
         shelf       0.50      0.25      0.33        28
           box       0.36      0.35      0.35        40
           van       0.19      0.17      0.18        35
          hand       0.76      0.48      0.59        46
        shorts       0.62      0.41      0.49        83
          post       0.47      0.52      0.49        29
         jeans       0.47      0.30      0.37        66
           cat       0.50      0.90      0.64        10
    sunglasses       0.43      0.69      0.53        58
          bowl       0.56      0.52      0.54        27
      computer       0.00      0.00      0.00        11
        pillow       0.76      0.33      0.46        57
         pizza       0.64      0.88      0.74        24
        basket       0.62      0.29      0.40        17
      elephant       0.73      0.73      0.73        11
          kite       0.55      0.67      0.60        18
          sand       0.50      0.44      0.47         9
      keyboard       0.77      0.71      0.74        28
         plant       0.50      0.55      0.52        29
           can       0.33      0.31      0.32        16
          vase       0.57      0.29      0.38        14
  refrigerator       0.33      0.40      0.36        10
          cart       0.38      0.18      0.24        17
          skis       0.69      0.67      0.68        27
           pot       0.57      0.31      0.40        26
     surfboard       0.15      0.18      0.17        11
         paper       0.52      0.52      0.52        21
         mouse       0.44      0.62      0.52        24
     trash can       0.30      0.23      0.26        13
          cone       0.57      0.42      0.48        19
        camera       0.20      0.22      0.21        18
          ball       0.42      0.56      0.48         9
          bear       0.80      0.44      0.57        18
       giraffe       1.00      0.80      0.89         5
           tie       0.43      0.50      0.47        20
       luggage       0.20      0.25      0.22        12
        faucet       0.44      0.29      0.35        14
       hydrant       0.80      0.67      0.73         6
     snowboard       0.36      0.40      0.38        10
          oven       0.25      0.09      0.13        11
        engine       0.83      0.45      0.59        11
         watch       0.70      0.68      0.69        38
          face       0.58      0.64      0.61        11
        street       0.55      0.79      0.65       227
          ramp       0.46      0.50      0.48        12
      suitcase       0.00      0.00      0.00         8

   avg / total       0.67      0.67      0.66      6730
